rk4(0,0.005,30000,[-10,60])
rk4(0,0.005,30000,[-10,40])
rk4(0,0.005,30000,[-10,20])
rk4(0,0.005,30000,[-10,10])
rk4(0,0.005,30000,[10,-10])
rk4(0,0.005,30000,[10,-20])
rk4(0,0.005,30000,[10,-40])
rk4(0,0.005,30000,[10,-60])

rk4(0,0.005,1000,[3*pi,-0.01])
rk4(0,0.005,1000,[-3*pi,0.01])
rk4(0,0.005,500,[2*pi,-10])
rk4(0,0.005,500,[0,10])
rk4(0,0.005,500,[-2*pi,10])
rk4(0,0.005,250,[3*pi,-10])
rk4(0,0.005,250,[-3*pi,10])
rk4(0,0.005,150,[3*pi,-20])
rk4(0,0.005,150,[-3*pi,20])
rk4(0,0.005,500,[0,5])
rk4(0,0.005,500,[-2*pi,5])
rk4(0,0.005,500,[2*pi,5])

rk4(0,0.005,30000,[-10,10])
rk4(0,0.005,30000,[-6,6])
rk4(0,0.005,30000,[-3,3])
rk4(0,0.005,30000,[3,-3])
rk4(0,0.005,30000,[6,-6])
rk4(0,0.005,30000,[10,-10])